0011011110111011111111110111111111
1011101001001011100100001111100000
0000010000000001001000010111000000
0000001000001010000000101101111000
0000100010000000000111001000001101
0001010000001000000011000101000000
0100000000000000000000000000000000
0000001011011111010011001101010111
0011110011111011010111111011111101
0100000000000000000000000000000000
0000000000000000000011000000100000
0011101111110100101111110110111111
0011111110101111001011111011111100
0000101011110010010010111101111011
0001011010110101100011100100101000
0010000010000000010001001100001001
0010011100111111110001010101101001
0011010111111011111111101110111101
0001011110110011111111111111111001
0100000000000000000000000000000000
0000010110100101101000000100010110
0000000000000000000000000000000001
0000000000000000000000000000000001
0000000000000000000000000000000001
0000011110011000001100001010010001
0001010010001101100100100001011100
0010000010000010000011111100000110
0011101111111111110101111111110001
1010110000011001101100001010111100
0011111110111101011101010001110111
0010110000000000000000000001100110
0000101010000000011000001000100000
0000000000000000000000000000000001
0011100001101111110100010001000110
0000000100010000100010000100110000
0010111000100110100111000110010110
0000100001100000101101110111100011
0001010000110000100101000101000000
0001101110110101001111011011110111
0011111101111111111111111011101110
0000000000000000000000000000000001
0100000000000000000000000000000000
0000000000100010100010000000000000
0000000000000000000000000000000001
1001100100111011100010110111000011
0010000000000000100101000000001000
0000000000000000000000000000000001
0010011010011110111111111010111111
0010110111011101110011011100011100
0000000000000000000000000000000001
1001111111011000101110001010100010
0000100001000000100100100110101010
0000010000110010000000000110100000
0000000000001000000111100100001101
0001001011000011010111101010101001
1001101100000101011101011111111011
0010100010111001011111111011011111
0000000000000000000000000000000001
0011011100100100110111111101001111
0001100000001000000000000100010001
0001110011000011111111100100101001
0010101011001111111011011011111110
0011110111110111111110101111111001
0100000000000000000000000000000000
1001100011111100000110101001110110
0000100010001000100001101000000001
0000001010000011000000000100000000
0011100011010100010000011111010000
0000101110100010010000010010000010
0011011110110111110100111010001111
0010000111000100001100010100101000
0000010000000100000000100010000000
0010110110110110111100101101010111
1001110000010010111010111011011110
0010011111001110100111110010101010
0001011001011110101111111111111011
0011110011110111111111101011111101
0010111111011111111011111101111111
0011111101100111001101100111100111
0001000000010111010001100001010001
0011111101011111001111111110111011
0011100101011001000011111100101001
0001011111011110000111011011010111
0000000000000000000000000000000001
0100000000000000000000000000000000
0011111010111101110111100111011111
0000000010000001001010011001001000
0000100000000100011000000000001001
0001010001010001010110000110000100
0011111001000000000011000010111011
1010100001011101000001101110010100
0000000000000000000000000000000001
0010110100110001000000010001010100
0001101010110010000111100101010010
0000110000111010010000000101001000
0000100101010101010001000011100000
0010001000100000101100100001010010
0011111110111111101111111100101010
0000010001000110100000010000000100
1001000110111011100010100011100101
1010011001001001000110000110100001
0011110011011011110111010101011100
0011101111011110110001111101000000
0011001000000000111000000000001000
0000000100100000000000000000010100
0000100010111101110010100010110101
0001100111111011100110101011101101
0010101001011101001101010011100110
0011001111011111110111100111010111
0010100001000001000011010000100000
0001001100000000001010000101000000
0010001000101000000010110100000100
0010111110011111101111001111011111
0011000111011110100111110011111111
0000000000000000000000000000000001
0001111010011001111011111011100110
0000000000000000000000000000000001
0011001111111001110100011011111110
0001001101100010000011001010001010
0001001100000101110100001010101010
0010111000010110101001010101010010
0000010001110011001101110110000101
0001000011100011100110010010011110
0001101100010110101111111101111111
0010010000000100000000001010110000
0011111100101110111001011110111100
0001111111111001110111101111111100
0001001100000010101010010001101111
0011110110011111110111100111000111
0011010011111111111011111111000010
0001100111111100101101111111100001
0010000000000100000000010010110100
0011000101010100100000011101100101
0010011010111100111111101110101101
1011100110010111010111010100000101
0000000000000000000000000000000001
0011011100111011100111110010111100
0001010011110100111111011111010101
0001000001000001000010100100000000
0010001110000101000101110000001000
0000000100001000010001010110010001
0010101100010010111111110110001010
0010110111111111110110111111110111
0001000100000100100010001000001000
0001111110111111101110111011101010
0000000011001000001000000000000000
0000110100000001000000000000100100
0000101111011101001101011111000101
0010000000001011000110100000100000
0000000000000000000000000000000001
0001011010111100111101100111010001
0000000111001000101101100000001100
0011111110110111111010010001101101
0010100001000000101001011101100000
0011111011001100110010011110110010
0010111111000001010110111101111111
0011100111111111110110111110001111
0000010110101100110111111101110101
0001100101111101111000011110010100
0001100000100000101000010000001000
0010101101111001110000101010000111
0001001001001101100110011001010111
0001100000000100011010001000001010
0010011010001110101011101011101111
0000000000000000000000000000000001
0100000000000000000000000000000000
0011111111100011001010100110111110
0000000000000000000000000000000001
0010110000100000100001000100000000
0000000000010100000000110010110100
0000001011111011110100000101010011
0100000000000000000000000000000000
0000010000000011010001110100011000
1000110000011011100110100000010011
0000000000000000000000000000000001
0000010011000001100000010100000001
0000000000000000000100100001100100
0000111111011011100111111110111110
0000000000000000000000000000000001
0011110110110010101001000000110001
0001100111111111111110101101011101
0010110110111110111101101100111001
0100000000000000000000000000000000
0011111110011111110011100100011011
0001001100110000110100111110010110
0011101111110111110101101001111111
0000000001100110000000010000000011
0011010110111111101101111111110011
0000001001100001000101110110000111
0010011011100111111101111110111111
1001111010001100110110111101001000
0011011111111111011010111110111111
0000010101010100000111010111111010
0000000000000000000000000000000001
0010101110111111101011010000111111
0000110100001010010000001101000000
0000100100000100010001000001001000
0011000010100000111110100001110111
0000000100001010001010011101100100
0000000010100000000001001100001010
